0.28602528617842504 0.13622923571135048
0.3749817541726488 0.1489030601922306
0.43682790111442826 0.15840287641748277
0.09701847700998234 0.1127679552805756
0.3719312662537292 0.14844952530906147
0.9134693698047391 0.255132522720797
0.1681941353024735 0.12108682770617825
0.9838941787474453 0.2737479838165108
0.3615630446776925 0.1469183193959234
0.4924611375379896 0.16746508383856562
0.9208265104361787 0.257016490379747
0.1095005946916553 0.11418435964208476
0.8751848916205736 0.24554951784773124
0.17357347419995572 0.1217399498962672
0.5557007579858452 0.17839755150217781
0.05218768308036781 0.10782412423259934
0.13909514489449404 0.11761409482030699
0.5723398033833889 0.1813907493809231
0.5224673786967725 0.1725662319302489
0.2782434513817209 0.13517323643950574
0.7129936499939051 0.20878549543668898
0.5656494777616252 0.18018123673104952
0.10236263166267534 0.11337221787168811
0.7889695268026227 0.22526630139545079
0.39307906339923737 0.15162233649332868
0.8742084916723531 0.24530988032129172
0.7463538517056005 0.2158681034524653
0.8777848554312403 0.2461887683618623
0.2368616241790138 0.12969367989360164
0.5579792604531265 0.17880449419734393
0.6818651844755629 0.20238643648987434
0.8904158919087451 0.2493181094810229
0.265486419830676 0.1334597797454739
0.5389592946506616 0.1754357768316644
0.46312270431585767 0.1626232932246967
0.8551983249443993 0.24069054487777403
0.7667526793091126 0.22031677930449786
0.1685620688856465 0.12113138781364854
0.7612840497158588 0.21911523683508935
0.3911982853726427 0.15133743653528353
0.6471422919578517 0.1954796006070487
0.339791870372923 0.1437543022140566
0.6045765909614874 0.18733347702521258
0.6158097847449406 0.18944969395942682
0.6304200236644242 0.19223791796335826
0.23296930240737856 0.12918985152685905
0.7108334934703182 0.20833497286151953
0.7392153345785109 0.21433261238393497
0.9910489507246213 0.2757136116442208
0.14954833657698785 0.11884998574668713
0.6167853210951864 0.1896345991986542
0.06494313721565959 0.10920827889763408
0.629801511766632 0.19211905328728868
0.46067147703293354 0.1622251547348215
0.1996455947968172 0.12495570719886535
0.3337310920261216 0.14288567419183598
0.24508649462340948 0.13076479245093536
0.43556501524986957 0.15820295792763767
0.8958670635865055 0.25068089631604734
0.17483109436530864 0.12189314882502514
0.38820277003256054 0.15088478122904736
0.8613676556972968 0.24218003431046103
0.1727883164633902 0.1216444023476141
0.5866806580443341 0.1840107896600651
0.5999770872929421 0.18647381453632333
0.9577007981019525 0.26667069240490326
0.4844719154651388 0.16613249834303614
0.9941196190845895 0.27656153789180105
0.688776912568006 0.20379012186624998
0.3119645676795957 0.13980915373013755
0.48845144159548637 0.16679494419734361
0.005212753936809644 0.10287621724908447
0.3606721322371743 0.1467874863264919
0.7375048495756541 0.21396631302891442
0.34773090223403447 0.1449001145014306
0.22847610915949101 0.1286106787003989
0.3278506034880928 0.1420479022907215
0.9531144510379029 0.2654504484278572
0.5810644262971107 0.18298023903571733
0.17098660558633483 0.12142543162497242
0.5863123016742934 0.1839430205958871
0.07029193382357657 0.10979397676235186
0.6283950777995548 0.19184904044714607
0.2682259790728091 0.13382590199634217
0.4816929902592989 0.16567146943499653
0.600302087500796 0.18653442841403486
0.4012096694414048 0.15286014321902913
0.28997697969244307 0.1367686369708246
0.18041715290345706 0.12257595641581794
0.6164168434204231 0.1895647359548001
0.7359901066061111 0.21364245440374566
0.6925677544887635 0.2045641241364846
0.3502980640804655 0.145272574424822
0.8562640601567224 0.24094719400243653
0.8552071118570592 0.24069265981386181
0.44618012780352634 0.15989124495771262
0.861091004136411 0.2421130440928551
0.8516234565309257 0.23983164399499346
0.1627289126818442 0.12042686629702855
0.2703706778446431 0.13411322624584124
0.5597849801101877 0.17912765666989225
0.9166217587054627 0.25593806868361535
0.8788857550662035 0.24645994672977847
0.7199792538225971 0.21024909430210528
0.1414212102891118 0.11788799132328154
0.16995042012185757 0.12129967752124357
0.5931574191255803 0.18520645140913083
0.15917767381306513 0.11999996020000504
0.9264608502531445 0.2584686958930016
0.8168024581974229 0.231624191837279
0.9233523656506814 0.2576664973883979
0.6756552588016835 0.2011335260286391
0.5768963756169251 0.18221915534547653
0.14204785662070651 0.11796188855187875
0.6452165781356829 0.19510352506136497
0.43467829717503825 0.1580627386820087
0.4521762991651411 0.16085286038598287
0.23639915463755312 0.1296337143841105
0.2761403589681012 0.13488925335742952
0.0042540182161247 0.102777633410274
0.09361583579468524 0.11238489846022037
0.9784734546950941 0.2722680862184113
0.9634442568413414 0.2682067113319739
0.8023288007350061 0.22829588709875365
0.6777524649522005 0.20155578712601852
0.05998322588979921 0.10866795660128331
0.9985744689717442 0.2777963263842563
0.6230821373813046 0.19083246083069494
0.5342577857937086 0.174612899870476
0.7218221780785845 0.21063692471906736
0.8655969789753348 0.24320646098216522
0.1638911223620706 0.12056690893048708
0.7632060856765507 0.2195367891894384
0.9311625918304807 0.25968681029247376
0.9209212904244202 0.25704085155414075
0.9495036596317716 0.2644936905959013
0.25273206158772454 0.1317683950950352
0.137695588101991 0.11744960235013421
0.9394676259248007 0.2618524987159673
0.3314056867615708 0.14255379312138974
0.8162374398957798 0.23149335689533668
0.23703931059898276 0.12971672674677032
0.6686127348430966 0.19972201448853374
0.30382356500176033 0.1386755874788506
0.6351728779023388 0.19315377150155855
0.28062908928000596 0.13549609579482336
0.3721565087910551 0.14848296622282364
0.2837612418281925 0.13592115556505793
0.9706552285649642 0.2701477322561962
0.23753068783857023 0.12978048225660785
0.08735682749217166 0.11168367721169344
0.37456553492075273 0.14884109676799193
0.9169272968847348 0.2560162794827115
0.8835460044628736 0.24761119200933493
0.3236898768045453 0.14145810763136651
0.7649427483344725 0.21991838178616355
0.6380084067881833 0.19370224183431148
0.5943289959989949 0.18542356216054293
0.5444643664129887 0.17640422661978944
0.776915866069251 0.22256731682398545
0.21709109098626467 0.12715474741448377
0.7276420840595023 0.21186638602134886
0.4777531664144318 0.1650200371361934
0.5362725905774525 0.1749650654297323
0.5453288044433806 0.1765567830703004
0.7269200575585846 0.21171346808803126
0.09662574741014063 0.11272367666195449
0.03528048461963529 0.10601644482333787
0.1524414245532545 0.11919432707613348
0.8616954292222982 0.24225942752477803
0.16594061743980326 0.12081426360638992
0.44020662615270445 0.15893898134774032
0.5925514113015293 0.18509424885175985
0.3047296774765781 0.13880130010490593
0.5919706383730214 0.18498678233264743
0.14218706406821313 0.11797831086831498
0.13020169173407758 0.11657273687478581
0.7721281694644658 0.22150427881919665
0.7498971906909914 0.21663435406025075
0.5445742883440413 0.1764236183787956
0.6713037873078078 0.20026020072679696
0.26268644066352065 0.13308661780915274
0.3082985940343037 0.13929755538318359
0.5743209546355713 0.1817504681021341
0.7303194497937886 0.21243438986123728
0.8072693342298105 0.22942658139229258
0.6968590173546152 0.20544384878092065
0.010173722140425334 0.10338785094167946
0.4706185970604706 0.16384688019756263
0.4959301239657482 0.1680470267339428
0.9284298328281082 0.25897811760804756
0.4122389039330502 0.1545554051186894
0.461077913060537 0.16229110228311122
0.41872250614054707 0.15556073644694193
0.6157125147998999 0.189431267094312
0.960337807407651 0.2673748335076132
0.38286138307975615 0.15008099580273496
0.28427394045034904 0.13599086002140054
0.42231794195179073 0.15612105177487756
0.12589567768903387 0.1160718522146644
0.4159007527526608 0.15512240113976586
0.45761264029490645 0.16172969262685072
0.27787930564037744 0.13512402264215387
0.5545894501694373 0.17819940702890882
0.3735754207069041 0.14869380001481486
0.8607080920538969 0.24202035383018092
0.12241216097209162 0.11566821741955818
0.8374044992044684 0.23644561801132727
0.6060506502203731 0.187609821295398
0.4128880843752615 0.15465577203952668
0.5436866199542196 0.1762670821959321
0.9503611988149734 0.26472060157792066
0.7425866827324984 0.21505642166200442
0.9119292651635812 0.2547398943604314
0.6366517965932796 0.19343964156164084
0.6487111293709314 0.19578651700598973
0.08080632568405444 0.11095448398038646
0.6220831075511001 0.19064190870922906
0.10308543539696302 0.11345419335665459
0.9879236713479086 0.27485327467682985
0.8972914635876085 0.2510382206109844
0.9601651292366096 0.26732866769640923
0.012578765562097138 0.10363680246207628
0.8696637510036455 0.24419754009527517
0.2213925927724889 0.12770288184305226
0.15233881500161006 0.11918209722713402
0.21478161655080164 0.12686142561595332
0.9897187390207781 0.2753470979955197
0.21262063115739638 0.12658757592736908
0.7997627821670438 0.22771082657258074
0.7752754247297299 0.22220250750259693
0.2680000681443382 0.13379567267726405
0.22122826984429766 0.1276818990555931
0.06709852584436948 0.10944391903694328
0.5368976588583443 0.1750744647298509
0.7559546778594988 0.21795059641606498
0.05332327461947661 0.10794663794539171
0.5338493463005256 0.1745415956288751
0.9618488090773597 0.2677791427064945
0.4528561187484542 0.16096224848837945
0.6210462630966429 0.19044434514244024
0.9818176965563725 0.27318014076529973
0.09941943292998157 0.11303903146115274
0.8079503191382396 0.2295828706410833
0.9468445151050104 0.26379129794186884
0.008838171945722562 0.10324986344235082
0.20450720628735408 0.12556467237742552
0.19773677521062383 0.1247174167966038
0.17700450100453868 0.12215836030575641
0.07039960928693045 0.10980579951617205
0.3957943457045403 0.15203459338432923
0.7652636108791667 0.21998895667958293
0.1546888679025955 0.11946251082480805
0.46385977009547685 0.16274320147380666
0.9942174568001321 0.27658859736457225
0.6336968664461902 0.19286888462189442
0.34905504204150806 0.14509210959727123
0.9530780651955941 0.26544078996541665
0.9646777670220068 0.26853775116945516
0.3779216942706818 0.14934147040371568
0.15103085012131878 0.11902631313187348
0.9631287666766876 0.26812210809890025
0.7399098429827673 0.2144815198873128
0.1385696564286728 0.11755230620608481
0.30806243185859394 0.13926466245361904
0.7310550351726092 0.2125907109790936
0.6834772937640298 0.20271296867606595
0.000503527016001204 0.10239288874233562
0.8727589204248732 0.24495454377709516
0.9049782356892212 0.25297532972168224
0.5547476444498701 0.17822759938575333
0.5096597973403176 0.17037016902163388
0.6344587482528372 0.193015883907086
0.7517386183777875 0.21703363807121864
0.1725143280212531 0.12161107775280557
0.5102547543021783 0.17047156209905445
0.07712533585864312 0.11054681243150102
0.8768704195779564 0.24596374742468285
0.38220196122349137 0.14998206173712028
0.4714726649594345 0.16398687633287753
0.18554671972636605 0.1232063333732684
0.16890669343409526 0.12117313985745319
0.39584557100149065 0.15204238160099723
0.3795041815323048 0.14957798847231826
0.4235145702550923 0.15630798246514416
0.9866896525385468 0.2745143097536241
0.21431461223657522 0.12680219461452483
0.6245159526722267 0.19110627558401877
0.6194758921229818 0.19014551157192514
0.6339489838979137 0.19291751636379986
0.22080170764184737 0.12762744639806733
0.47740537595118326 0.16496265472013943
0.0017755588899754926 0.10252321863479934
0.8897246091526766 0.2491458197284916
0.7697614207709481 0.22098065374559592
0.7023203598068625 0.2065689173899178
0.27150586251341624 0.13426555596898015
0.2911457406354543 0.13692858026147367
0.3709484395505904 0.14830369682532196
0.41088334544901106 0.15434603816466205
0.6748500631508694 0.20097163937221024
0.016788677286719733 0.10407402393802019
0.5450352795298903 0.17650496686086978
0.7461685726471098 0.21582811131846627
0.6623025177485884 0.19846569321730806
0.2196382610231058 0.12747904502237603
0.24596503468992315 0.13087972503944242
0.9624690363195465 0.267945278141226
0.02558446219763133 0.10499347438374072
0.15261150778464627 0.11921460175658885
0.6724994058098217 0.20049977872140465
0.6355185237758211 0.19322054584509893
0.772171644114228 0.22151390884946873
0.49699791217529943 0.16822656120307578
0.8181278677796728 0.23193139229886692
0.4988545416605792 0.1685391857209582
0.9506713562507123 0.2648027193749577
0.12441428439767621 0.1159000314499643
0.6989948479325856 0.2058831109630185
0.02914189632499531 0.10536764690510592
0.3193891243742627 0.1408510376956591
0.8252181244328957 0.23358168899617276
0.058799233815529206 0.10853937073928238
0.5704310782318153 0.18104485450945204
0.8755266799152728 0.24563345814278864
0.7391435355887079 0.21431722407132325
0.6809470438125006 0.2022007025508692
0.9490694661927604 0.26437887409887334
0.8297563005318762 0.23464413278942697
0.5201638955059915 0.17216918598559253
0.8364758765244532 0.23622615116456872
0.21224612107878027 0.12654017648069596
0.22932195761052399 0.1287195098646111
0.9053003665940773 0.2530568340203737
0.303684641411056 0.13865632350643609
0.26805407394641134 0.13380289861500042
0.4380334481211292 0.1585939536841724
0.15736570906080205 0.1197827213758326
0.1452074022184826 0.11833518392889861
0.9737111723054482 0.2709745512402825
0.5252877495621097 0.17305361968716407
0.06313267530483702 0.1090107403403176
0.8796243677292953 0.24664205241188045
0.35399954830249836 0.1458112949846924
0.6924682690597698 0.20454377399912602
0.8482508048608547 0.23902413788418791
0.43633926658205446 0.15832549420938707
0.5476579174058975 0.1769684830241046
0.9172536029899907 0.25609983278898724
0.15575522735643343 0.11958996874850832
0.3700171958998646 0.1481656542348932
0.604712438054594 0.1873589274621528
0.7792938329282516 0.22309720430502664
0.7317937023941694 0.2127478027810417
0.5480422761620025 0.17703651548370777
0.34377799159662714 0.14432846787582523
0.2702349751858506 0.1340950279592663
0.33293984433271173 0.1427726609483407
0.9795082032731824 0.2725499610431213
0.5584463123238642 0.17888802467586978
0.5387098006635882 0.17539201211997058
0.2769369459767028 0.13499674719266616
0.6603050531054063 0.1980696606743992
0.7019538412394739 0.2064932199193607
0.8757339687896609 0.24568438050347619
0.19222575119194396 0.1240319865631179
0.44971555533034446 0.16045752930522453
0.8293703259046226 0.23455358358370842
0.0018800881956809734 0.10253393587578505
0.9734415784196686 0.27090150800451357
0.9588734953322392 0.26698359982425746
0.6013474383606682 0.1867295242932297
0.0003941543429940575 0.10238169037080604
0.8965841427903362 0.2508607188393837
0.031653085288932736 0.10563257748331964
0.9080924274310364 0.25376437138020336
0.020884202976788835 0.10450113580352888
0.12717907889975077 0.11622091460329159
0.6163807447718234 0.18955789304752058
0.8743410090357936 0.2453423902938781
0.7998279199377097 0.22772565963127112
0.299115496926185 0.13802422789836716
0.3605182344149457 0.14676489779022373
0.7623318743421597 0.21934495150556957
0.8122044048586693 0.23056161621045862
0.9592110080223226 0.2670737253856471
0.4643144037878483 0.1628172068377923
0.3073450756619375 0.13916479590925748
0.9465875460809758 0.2637235204582178
0.37976366853834265 0.14961680705295693
0.4899111107813364 0.16703858741373215
0.3179676482063637 0.14065096353636455
0.9500536379455018 0.2646391963986979
0.2830357850103451 0.13582258639422504
0.9459656304156402 0.2635595576603284
0.6871379767036097 0.2034563964786689
0.721085569232504 0.21048182482799702
0.1535773163117573 0.11932979585428814
0.701927483933593 0.20648777738612653
0.09310858656472976 0.11232790576299072
